image: AS6_L5.jpg
resolution: 0.11425
origin: [0.000000, 0.000000, 0.000000]
negate: 0
occupied_thresh: 0.1
free_thresh: 0.06

