image: COM1_L1.jpg
resolution: 0.136900
origin: [0.000000, 0.000000, 0.000000]
negate: 0
occupied_thresh: 0.10
free_thresh: 0.06

